//This static A matrix is based on the digraph frequency of some text. See digraph.py
#ifndef __AMAT_H__
#define __AMAT_H__

static float DigraphAMat [26][26] = 
{
{0.00293716179983, 0.0227173012236, 0.0465314678497, 0.0407790181836, 0.00127967630283, 0.0126870764881, 0.0237288548725, 0.00438746160971, 0.0352825037781, 0.00162092331692, 0.0111027153512, 0.10412908887, 0.0359406230195, 0.193925803149, 0.00259591478575, 0.0207429434992, 0.000621557061376, 0.114000877492, 0.0994856920002, 0.145115292741, 0.0125042655877, 0.0214498123141, 0.00995710037537, 0.00265685175255, 0.0321503436845, 0.00166967289036},
{0.0931019359689, 0.00701710419147, 0.0026314140718, 0.00144101246789, 0.302863229121, 0.00100244345592, 0.000877138023933, 0.00175427604787, 0.0610863980954, 0.00632792431552, 0.000563874443957, 0.119854645699, 0.0026940667878, 0.000751832591943, 0.114027943111, 0.00100244345592, 0.000313263579976, 0.0593321220475, 0.0184825512186, 0.00814485307938, 0.108326545956, 0.00332059394775, 0.00225549777583, 0.000313263579976, 0.0821377106698, 0.000375916295971},
{0.134006796994, 0.00187073239173, 0.0192373647616, 0.00252548872884, 0.15240233218, 0.00162130140617, 0.00106008168865, 0.16216131949, 0.0670345773704, 0.000405325351542, 0.0361051351604, 0.0364792816388, 0.00177719577214, 0.00109126056184, 0.198796495495, 0.00305552957316, 0.00106008168865, 0.0370405013563, 0.00950955632463, 0.093443082967, 0.0282480591151, 0.000654756337106, 0.00177719577214, 0.000155894365978, 0.00826240139681, 0.000218252112369},
{0.102416356877, 0.0378385554965, 0.022331386086, 0.0222517259692, 0.16853425385, 0.023473181094, 0.0166224110462, 0.0273765268189, 0.125092936803, 0.00491237387148, 0.00185873605948, 0.0199150292087, 0.028624535316, 0.0166755177908, 0.07843866171, 0.0185873605948, 0.00169941582581, 0.0333775889538, 0.0612851832183, 0.100876261285, 0.0330058417419, 0.00695698353691, 0.030058417419, 0.000132766861391, 0.0172862453532, 0.000371747211896},
{0.0810353345157, 0.0175336297448, 0.0497177612025, 0.0827684508046, 0.0370190399832, 0.0245713776655, 0.0147152911068, 0.0157276253877, 0.0316172242604, 0.0025996744333, 0.00480251382849, 0.0430525522972, 0.0386711695295, 0.101670756497, 0.0270981640305, 0.0289770564559, 0.00318277897908, 0.142034548944, 0.110376831313, 0.0622140155657, 0.00746697765576, 0.0195582983066, 0.0292281153575, 0.0114677227338, 0.012326182204, 0.000566907197292},
{0.101807760141, 0.0100970017637, 0.0225749559083, 0.0105379188713, 0.0825396825397, 0.0591710758377, 0.00992063492063, 0.0179012345679, 0.108289241623, 0.00361552028219, 0.00185185185185, 0.0265432098765, 0.015873015873, 0.0086860670194, 0.183950617284, 0.0141975308642, 0.000661375661376, 0.0800264550265, 0.0223985890653, 0.159964726631, 0.0370811287478, 0.00238095238095, 0.0133597883598, 0.000220458553792, 0.00577601410935, 0.000573192239859},
{0.106649550706, 0.0126829268293, 0.0132991014121, 0.00842105263158, 0.160513478819, 0.0146854942234, 0.0149422336329, 0.114300385109, 0.091810012837, 0.00277278562259, 0.0012836970475, 0.0305006418485, 0.0150962772786, 0.0300898587933, 0.0980744544288, 0.0129396662388, 0.000667522464698, 0.0958151476252, 0.0383568677792, 0.0793838254172, 0.0322464698331, 0.00241335044929, 0.0158664955071, 0.000256739409499, 0.00662387676508, 0.000308087291399},
{0.161901653194, 0.00472341160884, 0.0078147501008, 0.00299533419097, 0.464411205622, 0.00366736429792, 0.00205449204124, 0.00618267698393, 0.126053647203, 0.000902440429331, 0.00065282924675, 0.00380177031931, 0.00666269848889, 0.00750753633763, 0.0930089668017, 0.0039745780611, 0.000211209462184, 0.0197192834239, 0.010829285152, 0.0415698623298, 0.0154374915996, 0.00109444903132, 0.00839077590676, 9.60043009927e-05, 0.00616347612373, 0.000172807741787},
{0.0310184741376, 0.0103942701415, 0.077210665425, 0.0372769477274, 0.0412210186111, 0.0180222127881, 0.0284301776201, 0.00143794250969, 0.000273893811369, 0.000342367264212, 0.00512181427261, 0.0544227003191, 0.0302241820846, 0.248079319648, 0.0769915503759, 0.0101751550924, 0.00089015488695, 0.0362498459347, 0.127935799291, 0.122307281467, 0.00145163720026, 0.0299365935827, 0.0015201106531, 0.00202681420413, 0.000109557524548, 0.00692951342764},
{0.149089165868, 0.00575263662512, 0.00527325023969, 0.00431447746884, 0.155800575264, 0.00287631831256, 0.00383509108341, 0.00575263662512, 0.0282837967402, 0.00383509108341, 0.00239693192713, 0.00335570469799, 0.00431447746884, 0.00287631831256, 0.294343240652, 0.00335570469799, 0.00239693192713, 0.0263662511985, 0.00479386385427, 0.00335570469799, 0.272770853308, 0.00239693192713, 0.00527325023969, 0.00239693192713, 0.00239693192713, 0.00239693192713},
{0.0697781885397, 0.0118607516944, 0.015865680838, 0.00924214417745, 0.328558225508, 0.0154035736291, 0.00646950092421, 0.0317313616759, 0.145255699322, 0.0050831792976, 0.00261860751694, 0.0249537892791, 0.012168823167, 0.0573012939002, 0.055606900801, 0.0101663585952, 0.00123228589033, 0.0103203943315, 0.0885705483672, 0.0488293284042, 0.00631546518792, 0.00184842883549, 0.0240295748614, 0.000770178681454, 0.0152495378928, 0.000770178681454},
{0.117462118526, 0.0150580337092, 0.0135687776281, 0.0630688130865, 0.165827482684, 0.0176346831194, 0.00517693780583, 0.00780086518687, 0.127508687327, 0.00101647637283, 0.00538968867456, 0.135971444106, 0.0143725031322, 0.00501146490793, 0.0780795688249, 0.0140415573364, 0.000661891591613, 0.0089828144576, 0.0408718057821, 0.0367586223199, 0.0235207904877, 0.00751719736189, 0.0101647637283, 0.000118194927074, 0.0841311490911, 0.000283667824977},
{0.189111203918, 0.0407001025096, 0.00751736967994, 0.00299935456927, 0.241011427921, 0.00569497703026, 0.00182239264968, 0.00683397243631, 0.112722578686, 0.00132882797373, 0.000759330270701, 0.00387258438058, 0.041649265348, 0.00429021602946, 0.120695546528, 0.0634800106306, 0.00030373210828, 0.0276775883671, 0.0332206993432, 0.0272219902046, 0.0426743612134, 0.000797296784236, 0.00850449903185, 0.000189832567675, 0.0146550742245, 0.000265765594745},
{0.0740658517295, 0.0114609204812, 0.0530587892495, 0.142678747346, 0.0893008283498, 0.0156928584313, 0.11080739826, 0.0139723328385, 0.0607456535916, 0.00335779994727, 0.00750648665899, 0.0127374394694, 0.0131675708676, 0.0186760278059, 0.0674612534861, 0.0101427758738, 0.00119326774986, 0.00700697922882, 0.0699865410498, 0.166974233742, 0.0120575543561, 0.00643809576667, 0.0163311179254, 0.000235878508693, 0.0142220865535, 0.000721510732472},
{0.0189671808293, 0.0184781315675, 0.021557820162, 0.0239898489234, 0.00818166197444, 0.113406558547, 0.0124112772116, 0.00984707297408, 0.0136405091399, 0.00149358288063, 0.00861784104577, 0.0445167003714, 0.0645545025576, 0.180472395152, 0.0290125170176, 0.0289596468271, 0.000515484357032, 0.137792933899, 0.0414237942292, 0.0606949786537, 0.091782650647, 0.0222319150905, 0.0402209973961, 0.00117636173784, 0.00552493490358, 0.000528701904649},
{0.13172949978, 0.00322722605252, 0.00239597085717, 0.00205368930615, 0.173047772725, 0.00449855752775, 0.00127133147523, 0.0326145420762, 0.0599970661581, 0.000733460466481, 0.000929049924209, 0.0967189868466, 0.00943719133539, 0.000880152559777, 0.13515231529, 0.0520267957557, 0.000293384186592, 0.177839714439, 0.0230306586475, 0.0431274754291, 0.0400469414699, 0.000391178915456, 0.00444966016332, 0.00024448682216, 0.00361840496797, 0.00024448682216},
{0.0044964028777, 0.0044964028777, 0.00539568345324, 0.0044964028777, 0.00539568345324, 0.0044964028777, 0.0044964028777, 0.00539568345324, 0.0044964028777, 0.0044964028777, 0.0044964028777, 0.0044964028777, 0.0044964028777, 0.0044964028777, 0.0044964028777, 0.00539568345324, 0.0044964028777, 0.0044964028777, 0.0044964028777, 0.00539568345324, 0.881294964029, 0.00539568345324, 0.0044964028777, 0.00539568345324, 0.0044964028777, 0.0044964028777},
{0.103134208411, 0.010258268858, 0.0249129386552, 0.0334063440538, 0.225618884039, 0.0118813129324, 0.015710436331, 0.0123225287972, 0.101069948472, 0.00189092513512, 0.015127401081, 0.0197444099526, 0.029466916689, 0.0265044673106, 0.101385102661, 0.0139928459999, 0.000646066087833, 0.0187674319661, 0.078898851263, 0.07986007154, 0.0201856258174, 0.00970674902696, 0.0130946565607, 0.000173334804053, 0.0318620885268, 0.000378185027024},
{0.0984275935797, 0.020594218177, 0.0359322335892, 0.0131702029726, 0.108732126683, 0.0193024395314, 0.00702311838335, 0.0543140952353, 0.0970912708429, 0.00265779744317, 0.0074537112652, 0.0171643231525, 0.0235044321371, 0.015219231169, 0.0839210678703, 0.038575183002, 0.002034180166, 0.010423317347, 0.0706469286849, 0.197716372923, 0.0353680084337, 0.00268749350399, 0.0307799670374, 0.000163328334496, 0.00687463807926, 0.000222720456131},
{0.0688818085268, 0.0102954244966, 0.0114550144136, 0.00553785465028, 0.105468496001, 0.00861564471032, 0.00350044432885, 0.312937555541, 0.118028913887, 0.00156056960791, 0.00154973231896, 0.0149662960314, 0.0112274313458, 0.00561371567289, 0.112122591413, 0.00784619719531, 0.000379305113033, 0.0380822333485, 0.0430457116848, 0.053406159915, 0.0214469948198, 0.00132214925114, 0.0208617812168, 5.4186444719e-05, 0.0212302490409, 0.000563539025077},
{0.0359061672342, 0.0318577374196, 0.0490351872872, 0.0287173666288, 0.0431328036322, 0.0061293984109, 0.0365872115021, 0.00147559591373, 0.0265985622399, 0.000983730609156, 0.00189178963299, 0.0968974650019, 0.0365872115021, 0.138895194854, 0.00359440030269, 0.0407491486947, 0.000227014755959, 0.145365115399, 0.139841089671, 0.127506621264, 0.000416193719258, 0.00170261066969, 0.00162693908437, 0.00124858115778, 0.00249716231555, 0.000529701097238},
{0.0844559090475, 0.00191076717302, 0.00095538358651, 0.00181522881437, 0.618419795548, 0.00105092194516, 0.000764306869208, 0.00133753702111, 0.211139772619, 0.000859845227859, 0.00114646030381, 0.00095538358651, 0.00248399732493, 0.000668768510557, 0.0499665615745, 0.00114646030381, 0.000573230151906, 0.00162415209707, 0.0050635330085, 0.00229292060762, 0.00210184389032, 0.00095538358651, 0.00257953568358, 0.000477691793255, 0.00477691793255, 0.000477691793255},
{0.18162500699, 0.00676620253872, 0.00520046971985, 0.0057596600123, 0.17195101493, 0.00436168428116, 0.00184532796511, 0.178213946206, 0.186322205447, 0.00167757087737, 0.00184532796511, 0.00693395962646, 0.00900296370855, 0.035732259688, 0.120393669966, 0.00626293127551, 0.000615109321702, 0.0162724375105, 0.022535368786, 0.0173908180954, 0.00173348990662, 0.00139797573114, 0.00631885030476, 0.000279595146228, 0.00917072079629, 0.00039143320472},
{0.113457760314, 0.0176817288802, 0.0992141453831, 0.00638506876228, 0.0731827111984, 0.0117878192534, 0.00392927308448, 0.024557956778, 0.0913555992141, 0.00294695481336, 0.0049115913556, 0.0103143418468, 0.0108055009823, 0.00392927308448, 0.0329076620825, 0.261296660118, 0.00343811394892, 0.00884086444008, 0.0108055009823, 0.16257367387, 0.00834970530452, 0.00343811394892, 0.0171905697446, 0.00294695481336, 0.0112966601179, 0.0024557956778},
{0.106908462867, 0.0427748992516, 0.0421416234888, 0.0281519861831, 0.0837075417386, 0.0330454807139, 0.0142199194013, 0.0391479562464, 0.0678756476684, 0.00639032815199, 0.00379965457686, 0.023949337939, 0.0417962003454, 0.020725388601, 0.103972366149, 0.0317213586644, 0.00161197466897, 0.024985607369, 0.0989061600461, 0.11583189407, 0.00817501439263, 0.00477835348302, 0.0504893494531, 0.000345423143351, 0.00345423143351, 0.00109383995394},
{0.175313059034, 0.00983899821109, 0.0116279069767, 0.00805008944544, 0.40518783542, 0.00894454382826, 0.00805008944544, 0.0187835420394, 0.0858676207513, 0.00536672629696, 0.0116279069767, 0.0250447227191, 0.0125223613596, 0.00447227191413, 0.0366726296959, 0.00715563506261, 0.00447227191413, 0.00894454382826, 0.0143112701252, 0.0161001788909, 0.0169946332737, 0.00626118067979, 0.00983899821109, 0.00447227191413, 0.0143112701252, 0.0697674418605},
};


#endif /*__AMAT_H__*/
